moyenne = 1191.6912619703955
ecart-type = 75.97777985341325